1.228408868114581054e-01 -1.927365144783680928e-01
-2.114979764247270078e-01 9.680363379884426855e-03
-8.228070104639056970e-02 3.645328873571956896e-02
1.226976956431611754e+00 1.095410506341100154e+00
1.983264178880168038e-01 2.252996731464840252e-03
5.807676485520663068e-03 1.714119337120533770e-01
9.084504480831034900e-01 9.141281546345483289e-01
4.677465447194117942e-02 -1.638095942794144944e-01
2.276916908051594413e-01 -5.942872086226297368e-02
-1.380430367663043056e-01 -2.246055859660508469e-01
7.746365286931731209e-01 1.165314764634161282e+00
1.007919528931105146e+00 1.070434422675765385e+00
-1.881840342389523579e-02 -1.603129790413776457e-01
7.585086551750424011e-01 1.218670078047305871e+00
9.038756162043808384e-01 1.219764352504854266e+00
-2.004988551417805076e-01 4.707171411028471253e-02
5.807327031525622019e-02 4.615173149853263324e-02
2.492441876042328364e-02 -2.072707956432063847e-01
-8.234720330398398458e-02 -5.675135189850089024e-02
1.186091888578004294e+00 8.914949157674144642e-01
1.019031320653516648e+00 9.466989534434889775e-01
8.330793847800990193e-01 7.893268731400453486e-01
9.458266881155047434e-01 9.962077088689396120e-01
1.202445493308127222e+00 8.448079178161549407e-01
7.813244460537434044e-01 1.134483527563505234e+00
1.569794037750253390e-01 -9.453568559859570897e-04
2.370734605515636972e-01 -5.800431280668827405e-02
1.471327282338835696e-02 1.661555886645948998e-01
2.438461630725556883e-01 2.521609596157781130e-02
1.220436965346511027e+00 1.214163239403252437e+00
9.373851920770939206e-01 1.114049886048415594e+00
1.104807389247474347e+00 9.973844385304004856e-01
2.027676169523972005e-01 1.909347637807839448e-01
9.955602070431845974e-02 -1.990264454383562365e-01
9.492296593429696561e-01 7.692372533856002281e-01
1.048179316971266761e+00 1.003104841822430204e+00
-1.930730778584456298e-01 2.364441946991147625e-01
1.084340923567497672e+00 1.098708085284629821e+00
1.053899310576228432e+00 9.796929191305103757e-01
8.286307488964972379e-01 9.654840941168483237e-01
1.188651346559536526e+00 8.280371534911123987e-01
9.313216996368411937e-01 9.362503588991424319e-01
-1.374494570720876108e-01 -5.294853880248323597e-02
-1.529591585353675676e-01 1.575791000942105002e-01
8.044030141435900561e-01 8.008695572998970613e-01
1.845891900696389198e-01 1.431633643828894020e-01
1.202074591214731702e+00 1.039096778583484815e+00
-2.442031517668374896e-01 -7.013240177971841183e-02
9.352469596078001324e-01 1.207581025813831532e+00
4.956748617708395255e-02 1.086557754754420291e-01
1.129523540128998804e-01 2.187643282891786334e-01
-8.629850379123077397e-02 -1.996696881397584944e-01
8.174749575931622436e-01 8.374292839915358222e-01
1.041366832571724022e+00 8.026785583688471615e-01
-2.320779451737235433e-01 -1.373549944142625767e-01
8.969155888601236803e-01 8.791258808010677939e-01
9.197471145186787433e-01 1.236513861959846805e+00
-2.484794185827396418e-01 -1.409982624569035004e-01
-1.503604913197622017e-01 -1.604093314654626568e-01
-2.259727085228290244e-01 -1.773534023111763003e-01
1.143056863562862402e+00 8.105863566181161772e-01
1.164408245583858692e+00 7.529810265229159860e-01
-2.284360068441830816e-01 -1.154733532305307064e-01
1.014723941200481372e+00 1.207606546561636796e+00
8.373940959926862160e-02 -1.177455616113827208e-01
1.221344890947650530e+00 1.136450994080525412e+00
2.053340990000991351e-01 2.166878020683455364e-01
-7.627921282198213415e-02 -2.469081100473050627e-01
-2.459554331024848550e-01 -1.323190330253203317e-01
8.969767227757918793e-02 -2.273508728987577165e-01
9.622094954954001356e-01 9.771421677045931675e-01
8.118868901161975238e-01 1.085285842172827531e+00
2.404502534743018227e-01 1.805491152126388332e-01
1.070906628102886504e+00 1.051099219221910408e+00
-2.287961164664212288e-01 -9.874032190241782692e-02
5.550467472817621761e-03 -1.031150163287942734e-01
8.191057166894727404e-01 1.014675222129213683e+00
1.143926955021258296e+00 1.155943681281764945e+00
-6.549513458068451088e-02 6.632935408537377064e-03
-5.838461086695123647e-02 3.870578627995546750e-02
-2.016858912211844101e-02 9.688742973176289741e-03
-1.358703582866425674e-01 -1.525219788601527293e-01
-1.734464857021725259e-01 -5.098191983499322788e-02
1.169552882005503447e-02 -2.146437069606249026e-01
-1.559732955156767353e-03 -1.544032903837672110e-02
2.202317716806059811e-01 1.129083997311801646e-01
9.294328802797497957e-01 1.087049088063197111e+00
1.112988645534124021e+00 1.203023156085239798e+00
5.305917361460710246e-02 -1.521789725223512968e-01
-1.150573297171554876e-01 -1.057503279436352028e-01
-2.403304039389518865e-01 1.897691047284749688e-01
9.628571972686915670e-01 8.028691334277953118e-01
8.289960492500874079e-01 1.070742592957793615e+00
7.995641035875761249e-02 2.260390561311884094e-01
8.020353727245264075e-01 1.007051277721129345e+00
8.633768021723494668e-01 9.308439853457706192e-01
1.128847229419647213e+00 8.459014920934420090e-01
-3.897023472974464608e-02 1.425284996854003228e-01
-1.583263503631091029e-01 -1.602571810144680087e-01
-9.601276714689233049e-02 1.113074249576279651e-01
